%Problem 1 _ 16/10/2017 _ Raul Da Souza, Thomas Gauthier, Nicolas Gauthier%

% Initilization %

gamma = 0.999;
epsilon = 0.01;
R = [-0.1, -0.1, 1, -0.1, -0.1, -0.05];
U = zeros(1,6);

T_north =  [0.05 0.05 0 0.9 0 0;
            0.05 0 0.05 0 0.9 0;
            0 0.05 0.05 0 0 0.9;
            0 0 0 0.95 0.05 0;
            0 0 0 0.05 0.9 0.05;
            0 0 0 0 0.05 0.95];

T_south =  [0.95 0.05 0 0 0 0;
            0.05 0.9 0.05 0 0 0;
            0 0.05 0.95 0 0 0;
            0.9 0 0 0.05 0.05 0;
            0 0.9 0 0.05 0 0.05;
            0 0 0.9 0 0.05 0.05];

T_east =   [0.05 0.9 0 0.05 0 0;
            0 0.05 0.9 0 0.05 0;
            0 0 0.95 0 0 0.05;
            0.05 0 0 0.05 0.9 0;
            0 0.05 0 0 0.05 0.9;
            0 0 0.05 0 0 0.95];
        
T_west =   [0.95 0 0 0.05 0 0;
            0.9 0.05 0 0 0.05 0;
            0 0.9 0.05 0 0 0.05;
            0.05 0 0 0.95 0 0;
            0 0.05 0 0.9 0.05 0;
            0 0 0.05 0 0.9 0.05];
        
T_still = eye(6);
        
